%Result export, created at 2013-01-25 20:11:05
%Dataset size: 469
%Alpha: 10
%dropThreshold: 0.02
%pickupThreshold: 0.0663383923457
%dropConst: 1
%pickupConst: 0.01
%All ants updated at the same time: True
%Generations used: 30000
%Memory size: 0
%Step size: 3
%Cooling down: True, modCooling: 1000, rateCooling: 1.09

X = [ 100 147 142 6 188 43 200 90 80 182 90 215 78 78 119 40 199 121 156 36 15 74 35 179 203 16 181 137 158 39 83 201 1 123 0 28 117 122 182 126 129 42 98 146 178 53 174 38 26 174 89 40 147 108 34 115 166 95 57 93 177 38 135 84 183 205 205 182 107 87 210 42 74 148 118 46 210 190 187 180 79 127 95 212 159 206 171 56 216 113 97 129 98 167 124 118 192 208 48 84 13 43 199 33 132 26 9 25 40 178 149 145 138 194 99 98 108 150 30 127 9 202 14 62 165 95 121 25 16 169 38 206 61 46 162 78 207 172 33 144 54 122 183 103 28 187 80 154 95 213 78 170 93 45 4 129 95 207 99 173 161 128 36 207 83 80 123 159 21 99 84 40 99 123 71 191 182 177 39 114 4 180 179 178 33 138 159 153 198 125 173 173 175 179 38 9 122 150 175 48 212 126 14 207 108 199 25 169 148 162 81 56 191 128 42 196 100 65 196 178 199 83 198 202 28 32 37 204 36 62 98 45 127 38 161 129 11 132 180 32 206 49 127 124 29 33 105 120 188 189 44 207 77 134 128 203 186 183 156 30 81 147 36 93 185 149 116 132 209 214 83 86 76 92 82 148 87 115 123 48 111 86 103 211 120 178 100 115 206 162 174 82 207 215 132 85 196 40 37 128 96 83 76 31 104 36 178 27 65 105 214 165 160 7 207 14 120 157 212 94 214 47 3 102 171 206 165 125 100 126 7 81 146 56 95 196 193 14 102 177 91 141 201 41 183 98 88 107 202 201 148 170 206 187 36 105 75 11 177 44 81 174 35 190 59 202 14 181 80 175 206 171 80 189 177 95 129 165 124 203 202 39 182 129 101 166 47 145 149 124 130 83 61 55 204 179 39 161 163 155 98 118 10 48 213 41 165 152 11 40 6 178 124 171 209 169 127 100 147 208 120 129 9 41 206 81 42 61 166 92 87 179 35 86 170 174 167 12 174 49 76 193 81 140 42 17 11 133 53 59 87 191 50 163 26 11 64 26 89 56 131 101 133 94 201 78 2 87 ];
Y = [ 146 121 45 185 213 103 167 94 5 54 79 123 198 10 68 112 162 72 148 80 52 193 111 27 126 7 124 165 146 111 125 131 180 95 41 19 21 96 65 91 167 152 12 121 11 29 205 76 24 127 210 148 122 22 159 22 21 132 53 130 56 162 153 210 131 55 64 121 20 205 119 208 198 101 27 183 25 150 92 30 193 90 61 47 18 122 158 32 47 19 134 214 17 159 70 28 156 87 25 3 52 6 131 164 172 29 6 96 75 59 104 44 48 158 61 60 26 38 164 147 125 54 121 53 164 135 74 99 6 55 145 55 145 29 201 214 51 210 21 94 177 95 31 23 168 84 56 16 16 125 60 127 88 179 43 183 137 47 65 167 4 188 152 28 1 214 75 21 96 161 213 106 149 96 193 208 127 123 159 67 40 10 63 55 159 45 148 149 126 20 114 118 171 59 108 7 72 103 201 178 84 205 10 59 167 161 27 59 102 7 137 30 213 184 210 209 112 140 87 30 2 213 167 130 93 112 77 124 111 55 149 30 70 160 145 187 129 148 61 201 127 29 18 83 24 103 108 90 153 89 8 88 142 45 147 50 125 11 16 23 141 99 169 78 126 43 69 151 87 113 6 4 56 81 121 125 120 64 20 175 22 90 64 84 101 13 60 68 31 23 61 1 133 51 152 133 1 107 205 201 161 129 202 24 161 72 126 22 57 165 42 159 149 181 117 6 23 21 118 144 118 9 183 149 172 24 22 18 134 214 124 215 104 47 152 157 84 9 166 47 157 44 3 210 34 157 124 164 156 29 103 208 86 155 206 113 198 5 54 106 125 118 107 80 52 132 128 52 212 58 135 176 61 88 42 165 147 57 152 51 22 149 128 86 58 120 30 118 119 73 200 59 144 181 38 51 78 20 12 102 16 70 129 106 126 152 148 98 12 149 183 123 154 125 43 117 211 137 40 88 68 151 11 166 56 60 165 148 58 83 95 33 71 125 205 11 11 124 43 172 142 92 136 40 206 57 9 191 178 140 208 87 178 154 25 7 142 96 81 139 86 161 186 83 158 190 44 212 ];
