%Result export, created at 2013-01-25 20:02:24
%Dataset size: 469
%Alpha: 10
%dropThreshold: 0.02
%pickupThreshold: 0.0121363123559
%dropConst: 1
%pickupConst: 0.01
%All ants updated at the same time: True
%Generations used: 30000
%Memory size: 0
%Step size: 3
%Cooling down: True, modCooling: 1000, rateCooling: 1.03

X = [ 202 94 45 3 11 120 139 142 192 158 49 22 14 209 45 182 108 41 162 136 141 128 8 146 9 178 90 31 30 34 146 79 26 104 108 94 215 146 124 7 110 194 123 172 84 45 108 145 173 83 92 32 136 115 56 44 39 200 58 116 114 88 96 117 14 92 210 149 166 4 138 69 92 33 59 136 10 72 73 96 211 15 152 68 70 110 194 170 80 145 169 177 73 18 46 26 53 68 99 121 100 35 41 2 92 178 52 42 199 143 164 106 56 36 76 130 141 27 175 46 30 186 154 113 29 9 204 212 190 3 67 204 74 69 53 89 202 203 186 206 69 167 213 55 36 18 7 48 167 31 139 23 125 173 147 128 203 147 141 30 74 152 182 152 40 89 130 78 135 130 204 46 11 171 26 210 170 80 142 69 88 15 34 57 34 90 56 116 107 118 95 136 212 88 160 10 46 192 150 24 44 103 116 41 42 175 8 85 121 21 32 144 44 46 111 56 39 67 30 35 118 113 115 132 51 213 201 24 94 177 111 165 113 30 24 106 179 134 36 18 92 126 203 88 170 149 19 115 111 147 208 132 108 164 70 145 24 41 128 205 198 96 28 203 135 40 203 30 202 148 99 143 92 43 53 196 183 134 199 39 112 12 19 47 183 165 167 72 29 118 204 143 84 93 66 7 97 99 146 88 192 73 9 146 184 177 51 83 82 139 199 6 138 138 198 74 120 167 109 122 29 35 108 116 45 49 107 200 26 59 187 205 80 8 56 165 116 133 131 94 118 103 143 115 94 136 162 104 44 46 203 135 49 79 100 32 143 89 139 133 36 119 133 215 211 170 44 128 26 142 145 48 46 149 10 49 23 106 126 179 167 141 94 183 170 199 201 204 104 170 34 55 104 203 118 202 19 14 50 149 42 204 148 104 16 102 14 5 26 76 94 145 191 109 88 143 133 84 34 30 87 83 128 105 69 208 102 12 197 212 42 214 150 183 92 111 154 39 198 22 138 27 135 87 96 12 178 40 86 104 38 35 120 145 144 2 11 44 32 15 204 25 17 45 34 46 96 150 ];
Y = [ 18 197 175 107 138 171 185 194 200 10 108 3 60 213 205 120 79 209 10 104 94 208 112 97 40 104 99 58 79 196 72 53 58 133 78 15 210 48 127 40 199 110 133 123 91 144 118 44 169 96 99 194 23 86 19 196 196 203 97 169 82 19 69 34 59 69 110 196 12 105 154 7 125 10 57 192 49 188 192 68 107 65 89 193 6 198 104 168 47 199 62 45 2 150 180 116 95 53 1 41 3 80 112 39 133 166 98 207 35 47 123 201 99 60 101 153 200 58 164 113 80 115 9 195 72 50 12 114 109 38 62 17 46 55 173 136 116 24 109 116 59 15 111 18 187 160 67 132 63 83 211 5 128 40 24 147 32 28 209 113 57 90 106 131 51 94 142 52 207 158 201 102 70 72 162 206 60 97 50 193 133 64 138 185 213 188 184 205 127 187 196 159 215 160 11 58 144 204 6 8 26 166 194 28 142 70 45 49 33 141 27 76 16 206 83 186 25 5 18 137 166 80 189 100 100 208 117 160 137 161 85 32 83 118 114 135 114 139 58 169 66 141 20 56 39 68 155 197 201 135 33 127 130 29 51 102 79 197 135 118 41 198 189 106 205 139 28 86 117 73 3 27 96 58 20 105 110 138 110 18 167 171 165 104 101 33 33 197 80 184 33 150 137 18 192 104 192 4 5 92 103 59 46 198 110 42 184 60 139 196 37 106 187 184 194 3 33 119 164 123 77 114 121 88 105 22 77 34 115 61 103 29 59 111 180 37 166 151 156 196 44 171 44 182 188 144 8 78 139 108 7 26 129 48 137 14 50 21 201 129 141 201 194 205 213 172 143 158 165 25 47 20 28 92 142 128 157 157 140 74 122 150 185 117 126 46 118 29 115 68 22 59 167 34 39 118 161 166 179 133 209 7 5 156 154 0 151 52 73 55 98 43 200 161 161 208 210 100 54 26 134 56 125 84 60 215 132 143 205 203 141 112 69 106 19 127 69 209 118 7 137 11 105 158 129 65 71 53 16 174 198 211 43 98 101 40 35 197 185 172 37 167 138 50 133 53 128 99 ];
