%Result export, created at 2013-01-25 20:22:05
%Dataset size: 469
%Alpha: 10
%dropThreshold: 0.02
%pickupThreshold: 0.0287174558646
%dropConst: 1
%pickupConst: 0.01
%All ants updated at the same time: True
%Generations used: 30000
%Memory size: 0
%Step size: 3
%Cooling down: True, modCooling: 1000, rateCooling: 1.06

X = [ 10 187 55 78 27 141 109 204 111 86 27 95 79 25 206 90 98 3 20 155 23 211 174 214 158 179 208 206 208 124 78 162 4 60 12 83 111 9 125 74 103 213 134 139 104 177 71 136 106 52 135 110 76 13 193 104 14 45 114 177 206 193 80 60 180 58 131 205 53 20 132 170 197 119 212 57 101 34 24 30 86 9 80 50 153 136 186 187 210 49 182 34 106 204 94 17 118 209 30 23 214 104 86 48 121 109 110 210 130 56 78 142 77 91 85 12 157 132 168 92 45 78 99 46 4 169 175 112 183 69 170 68 78 211 174 23 22 63 215 91 163 169 50 82 178 102 107 12 205 35 81 109 75 54 115 8 10 153 176 210 3 89 86 206 128 12 137 186 96 35 116 13 171 81 73 86 78 113 28 182 183 96 79 7 173 181 180 138 137 3 103 110 172 203 104 95 98 49 146 110 78 113 76 180 188 201 33 185 28 83 14 19 168 171 210 173 32 40 42 159 65 169 81 178 57 203 29 46 80 137 125 183 116 90 53 215 171 94 88 18 128 98 3 105 52 181 205 14 77 174 215 73 28 81 157 136 2 214 73 78 91 153 7 89 171 216 76 112 61 146 104 11 23 37 85 77 129 180 59 210 96 98 171 160 190 172 158 178 183 174 174 194 46 213 168 27 0 177 119 107 116 138 169 4 48 111 174 0 54 97 116 80 181 192 91 108 180 44 3 50 139 74 175 58 132 172 8 29 121 212 43 100 199 207 160 176 63 13 126 164 155 174 64 195 90 68 148 11 89 210 215 24 127 106 137 46 15 86 53 26 46 182 126 136 205 116 170 78 124 85 133 178 84 107 54 35 71 137 208 65 25 190 67 1 174 129 176 212 195 20 71 65 9 205 29 110 48 89 90 109 57 4 51 10 98 83 154 80 32 216 94 109 86 32 209 63 13 25 154 155 10 85 89 60 183 68 115 95 209 25 24 169 28 117 79 12 178 57 182 173 36 81 182 46 66 169 39 98 204 212 159 58 19 53 107 206 30 168 194 84 141 96 22 29 31 99 182 162 ];
Y = [ 22 70 79 170 90 88 67 22 184 89 95 20 200 130 20 15 197 17 49 70 131 150 73 21 184 70 119 183 211 125 202 184 19 14 21 17 62 187 125 48 140 151 216 211 141 143 191 98 136 123 215 10 207 36 65 71 18 15 56 42 117 126 172 190 175 123 95 171 124 51 11 19 170 212 26 203 131 194 51 194 91 108 128 76 186 91 65 131 191 123 36 195 180 167 32 33 126 169 160 40 99 14 95 74 216 136 11 28 15 75 197 40 168 132 137 44 75 12 190 21 84 48 12 75 15 144 15 59 16 191 182 23 84 186 66 93 64 29 155 83 198 177 75 123 198 192 140 67 212 157 122 176 165 208 80 191 66 77 180 216 116 93 53 29 129 22 45 31 53 190 212 63 202 125 44 130 145 8 124 144 67 50 205 62 65 26 145 94 94 177 19 74 146 168 145 50 7 138 96 171 55 77 42 12 64 166 185 64 62 138 14 52 24 19 25 144 158 144 84 187 194 202 140 140 201 164 67 84 204 90 127 29 128 46 200 187 184 16 24 18 134 193 181 14 134 13 29 34 162 142 31 46 100 40 190 216 179 148 167 159 47 189 105 128 190 183 175 177 197 91 21 104 204 154 145 121 129 136 12 97 16 195 143 183 126 73 179 33 99 202 67 129 11 95 203 128 173 149 120 88 213 89 23 105 10 85 147 115 205 191 80 89 184 132 54 20 36 133 183 132 210 154 140 20 46 25 115 128 127 154 10 187 126 122 73 147 24 106 125 195 176 200 25 129 57 29 193 32 74 99 104 98 132 179 11 81 29 25 206 87 10 38 127 14 121 82 144 176 124 45 46 142 40 141 204 161 160 93 168 26 201 66 22 173 22 127 179 103 62 41 164 192 10 103 123 79 131 78 11 22 123 110 125 182 143 13 73 142 86 190 73 74 13 191 188 192 187 64 69 35 14 51 87 13 37 191 207 48 146 203 206 147 93 207 89 38 188 196 63 74 200 118 61 140 22 192 140 28 33 102 189 203 39 134 83 103 186 22 123 197 93 28 88 200 91 135 141 182 ];
