%Result export, created at 2013-01-25 20:42:30
%Dataset size: 469
%Alpha: 10
%dropThreshold: 0.02
%pickupThreshold: 0.005
%dropConst: 1
%pickupConst: 0.01
%All ants updated at the same time: True
%Generations used: 30000
%Memory size: 5
%Step size: 3
%Cooling down: False, modCooling: 1000, rateCooling: 1.03

X = [ 131 17 184 121 110 19 160 135 23 136 189 15 21 166 162 189 135 12 164 114 187 13 188 134 133 194 163 16 165 186 16 120 131 9 115 163 132 187 122 137 130 18 134 188 121 166 163 18 0 18 163 120 13 17 17 23 0 24 114 4 127 131 137 112 159 170 166 192 21 20 132 189 2 132 125 168 165 165 13 12 187 6 15 4 167 112 12 161 133 194 115 191 134 12 18 163 165 20 13 11 10 119 124 8 164 134 16 20 129 138 167 12 15 128 14 14 136 16 12 135 135 109 115 16 20 188 17 16 5 14 133 21 115 132 121 164 171 20 14 168 19 184 11 13 171 8 21 112 160 132 166 121 183 2 167 14 129 130 120 194 13 190 166 8 171 170 188 167 8 135 11 120 161 165 10 120 115 121 116 1 160 7 24 185 4 186 118 5 135 192 117 133 191 186 20 161 121 132 14 133 114 167 16 15 9 8 182 171 161 187 190 118 191 13 137 24 19 133 134 163 14 131 126 168 135 130 163 21 3 13 11 115 10 5 129 125 135 2 163 191 23 121 7 13 189 12 111 160 122 22 187 6 171 117 162 122 127 111 20 18 16 118 162 132 13 166 165 21 159 112 10 167 10 3 121 2 15 191 160 12 21 13 131 14 128 166 161 17 163 5 129 13 16 164 19 189 138 4 134 138 117 162 166 170 165 122 133 135 188 129 163 134 120 127 20 0 163 111 169 130 133 11 135 6 117 117 114 6 167 5 5 9 113 181 112 169 120 20 14 133 1 186 167 15 8 188 17 169 140 15 5 137 190 188 10 116 119 121 122 127 193 130 136 17 6 170 169 117 120 168 171 168 164 179 128 23 8 22 135 3 16 16 137 134 24 193 117 117 14 2 171 162 167 190 125 117 18 205 18 122 19 121 118 135 111 138 161 188 193 13 9 116 187 12 171 18 185 122 118 131 13 132 115 193 165 10 162 24 166 117 18 161 186 212 23 162 166 170 9 2 25 12 6 194 164 13 128 24 162 163 114 165 128 130 10 186 134 115 167 135 13 121 25 120 10 18 166 133 ];
Y = [ 185 149 108 173 78 145 9 181 144 189 112 151 150 11 13 111 191 147 4 79 116 152 113 194 185 110 17 155 17 108 148 73 180 146 81 21 194 111 80 188 187 143 191 107 72 20 13 146 18 147 20 77 144 148 145 142 21 147 75 22 184 187 185 83 14 15 18 112 148 149 192 116 21 185 74 14 14 19 148 145 115 20 150 18 13 81 143 15 192 112 77 112 187 151 148 5 18 144 153 151 147 78 72 152 16 186 151 146 185 181 15 152 145 181 146 149 193 141 146 189 192 78 78 146 142 116 150 154 20 151 190 141 75 182 73 8 14 141 148 3 151 112 154 151 7 144 149 74 14 187 3 169 112 18 17 155 192 185 72 111 146 112 6 147 16 14 118 14 151 184 152 69 18 1 149 75 73 74 76 18 17 147 145 112 19 112 77 19 182 108 83 181 114 111 153 12 78 189 150 182 76 18 149 147 152 146 170 6 21 114 114 76 107 145 183 142 154 189 179 4 152 184 171 16 194 192 6 147 14 150 153 79 143 18 187 72 193 19 7 116 149 76 18 149 113 140 83 4 164 146 112 15 4 78 5 73 185 82 145 139 144 170 16 186 139 16 20 144 9 79 144 16 146 13 68 16 149 111 6 144 153 147 188 144 189 14 6 146 16 15 182 155 152 18 155 109 193 15 192 188 79 11 15 9 10 78 187 183 110 184 1 182 79 187 148 19 3 80 16 189 184 146 186 18 73 77 78 16 6 16 21 148 78 173 78 9 80 151 145 183 15 115 2 152 149 111 144 8 183 146 17 187 116 114 151 83 79 71 70 183 114 182 188 152 14 19 14 80 74 6 13 4 14 169 190 145 142 149 187 21 153 150 191 190 148 109 165 71 142 17 3 6 4 111 69 75 145 204 149 69 148 165 74 188 78 183 13 117 116 143 147 78 110 149 9 154 111 72 79 189 142 190 80 108 16 145 4 149 2 74 155 16 199 205 150 7 13 5 142 13 145 148 13 113 15 141 184 144 2 19 73 11 180 184 142 107 184 165 5 190 140 69 144 78 152 142 17 195 ];
