%Result export, created at 2013-01-25 20:32:17
%Dataset size: 469
%Alpha: 10
%dropThreshold: 0.02
%pickupThreshold: 0.005
%dropConst: 1
%pickupConst: 0.01
%All ants updated at the same time: True
%Generations used: 30000
%Memory size: 2
%Step size: 3
%Cooling down: False, modCooling: 1000, rateCooling: 1.03

X = [ 56 3 93 214 147 90 145 91 4 171 7 54 8 98 54 151 92 56 59 88 53 178 28 11 92 162 176 59 95 31 32 91 62 95 90 90 97 190 96 97 92 25 100 99 58 57 95 143 29 105 94 94 90 87 62 89 94 9 35 57 33 95 89 4 93 100 58 88 91 92 90 62 59 106 93 165 57 93 7 214 100 61 205 93 86 59 94 97 30 61 11 148 208 86 91 61 6 9 92 56 95 59 149 88 94 157 33 96 35 86 145 91 54 151 93 31 26 139 3 142 99 145 58 174 93 96 84 57 6 89 53 87 53 145 33 89 93 150 27 95 8 99 32 90 35 59 61 62 8 216 96 103 31 57 4 154 28 57 9 62 92 30 92 57 86 56 93 162 88 90 53 12 94 11 90 95 96 90 148 94 96 99 158 142 35 58 152 163 32 92 54 166 52 58 11 6 100 91 152 29 104 94 5 6 87 31 93 90 58 213 95 5 93 10 34 10 92 54 170 100 54 176 55 30 154 90 97 175 95 190 95 95 5 56 62 145 92 60 96 57 94 60 154 90 12 5 89 32 90 154 91 86 60 89 97 97 10 90 55 55 32 84 91 151 60 95 210 63 10 101 97 89 35 93 92 152 31 93 147 10 90 210 185 96 8 13 88 61 109 94 92 52 98 215 149 53 83 32 30 12 11 10 98 91 85 204 84 102 34 26 95 27 181 147 197 187 95 84 12 100 2 65 60 95 58 92 84 57 53 3 59 92 89 37 37 88 150 29 34 59 147 86 89 91 106 54 86 97 97 56 93 101 36 111 97 33 28 34 31 27 30 59 63 149 8 9 148 172 92 92 150 101 34 91 96 11 150 90 100 99 106 93 192 54 30 97 85 58 35 186 62 97 89 33 83 212 147 99 88 57 101 83 97 56 88 94 55 6 27 33 86 151 34 91 97 102 59 88 97 93 62 8 171 34 96 60 9 87 61 100 91 87 97 90 58 27 147 63 153 8 36 168 30 59 86 147 100 95 95 5 96 182 91 6 53 92 6 60 60 174 29 88 98 99 57 58 89 85 ];
Y = [ 22 75 70 175 130 181 162 74 70 50 80 15 74 75 16 172 73 9 18 74 14 212 190 73 67 87 184 17 64 189 192 72 15 72 80 65 65 125 68 67 69 190 64 64 14 16 68 166 192 61 72 66 72 66 13 67 77 77 190 9 188 61 69 75 59 72 12 73 67 68 73 17 13 70 67 188 12 62 72 174 62 12 200 73 72 20 67 72 182 8 78 133 187 65 75 10 74 69 74 21 80 11 131 68 63 141 189 67 183 76 165 64 11 130 63 184 187 157 70 171 68 131 6 193 68 73 75 20 72 72 6 72 9 160 187 76 77 130 191 75 75 75 188 76 188 21 9 19 79 166 75 187 192 13 73 172 187 14 73 26 70 186 61 21 74 20 72 215 75 70 13 74 68 76 74 79 65 77 171 70 69 66 128 167 181 10 177 188 189 76 14 113 8 8 75 75 71 71 128 185 64 74 70 76 175 188 71 71 13 161 76 73 74 74 182 78 71 9 48 61 13 56 16 190 133 67 60 53 74 168 73 71 72 17 16 164 62 18 76 11 69 17 132 75 79 68 179 193 64 173 77 73 16 68 74 63 70 69 13 17 184 69 73 133 19 66 196 11 71 181 71 70 187 80 66 172 191 75 167 69 68 114 214 74 72 77 67 19 171 65 72 9 68 195 171 11 71 190 187 71 77 77 72 65 74 162 71 64 185 191 177 188 106 165 210 198 67 70 76 67 76 16 22 69 11 65 74 7 10 76 16 64 75 183 186 76 165 191 187 22 159 71 78 76 180 8 75 78 68 10 65 67 182 179 70 186 192 186 186 192 184 12 16 130 70 72 167 188 78 75 170 70 191 69 71 70 131 66 73 65 178 64 142 17 191 69 105 7 192 152 12 62 77 192 75 157 168 67 69 15 180 69 61 11 64 183 11 78 187 193 69 134 192 70 75 67 14 70 66 66 21 69 49 183 70 14 75 70 18 75 66 73 64 78 16 190 166 14 131 76 185 190 192 7 70 163 70 65 70 71 72 192 68 69 16 63 73 21 12 192 186 71 67 71 17 18 74 76 ];
