%Result export, created at 2013-01-25 20:28:16
%Dataset size: 469
%Alpha: 10
%dropThreshold: 0.02
%pickupThreshold: 0.005
%dropConst: 1
%pickupConst: 0.01
%All ants updated at the same time: True
%Generations used: 30000
%Memory size: 2
%Step size: 3
%Cooling down: False, modCooling: 1000, rateCooling: 1.03

X = [ 164 17 186 111 165 156 111 40 38 100 151 150 42 41 18 153 22 23 157 147 149 76 156 127 163 13 13 17 163 164 154 157 137 126 107 160 147 146 43 175 147 156 39 40 128 39 144 148 123 147 190 50 23 42 14 150 12 19 13 15 18 162 166 151 177 152 146 13 149 13 151 154 123 44 116 12 127 152 13 22 150 150 158 158 161 154 151 122 41 149 127 174 120 170 162 163 125 147 16 125 39 17 163 148 23 163 157 23 38 43 159 148 150 42 158 119 155 123 145 11 170 187 126 178 151 111 19 22 15 154 18 153 119 39 166 189 174 22 19 153 13 187 17 15 144 176 158 23 162 44 161 153 164 144 188 119 156 175 174 158 125 17 15 17 41 154 150 11 176 121 16 107 41 158 125 157 110 17 165 11 18 164 115 156 44 21 143 121 12 19 164 185 19 41 22 154 189 18 148 172 22 18 119 18 145 172 115 158 185 43 161 45 182 122 161 38 17 153 19 21 15 21 118 38 163 173 43 18 175 186 163 123 174 186 161 18 10 122 148 42 123 163 165 149 157 149 173 43 145 16 153 166 43 152 146 22 67 144 153 18 43 155 161 152 161 11 157 152 156 139 41 148 16 15 16 185 156 150 152 160 151 115 122 42 152 151 18 15 175 16 164 152 158 152 16 157 164 159 121 173 13 185 150 17 125 41 144 14 15 14 122 150 160 148 44 39 42 166 11 147 126 160 13 152 151 45 121 147 161 152 16 11 164 173 111 118 188 125 23 45 147 151 166 177 41 127 116 15 130 39 175 45 121 17 121 126 155 120 50 137 163 188 182 149 126 146 190 18 150 159 43 147 44 39 172 19 19 13 158 154 126 152 14 40 17 39 146 21 153 190 21 165 125 157 164 153 123 152 14 154 150 43 21 39 18 13 18 189 20 14 15 46 12 121 122 187 187 160 150 162 15 149 189 20 126 40 39 38 41 113 155 165 185 39 153 44 12 15 143 18 126 157 153 41 42 154 15 16 149 165 148 153 20 13 123 17 121 14 158 162 187 174 46 161 152 149 42 186 ];
Y = [ 193 20 6 121 196 180 122 167 169 161 177 181 163 174 147 3 16 18 0 179 186 121 3 130 85 9 8 14 90 87 1 6 6 132 120 92 2 156 168 2 151 182 174 172 128 170 5 183 130 176 6 167 21 84 9 184 151 20 153 151 7 88 196 187 2 0 178 154 172 148 172 2 128 83 43 149 133 1 13 17 174 11 179 7 193 3 186 134 167 5 126 7 131 2 86 89 131 178 14 134 175 10 87 5 17 191 183 22 171 83 87 6 182 95 5 129 181 129 181 13 6 0 133 5 183 119 7 18 155 177 20 5 127 81 195 2 2 21 13 173 150 7 19 16 176 2 1 14 87 86 192 4 84 181 5 131 177 5 5 2 127 28 9 18 82 181 183 148 5 44 154 119 171 180 130 2 122 149 192 153 12 192 121 6 87 17 5 125 13 17 89 4 8 166 14 6 4 11 184 4 10 25 126 22 179 5 118 90 5 81 195 172 6 124 191 82 8 0 22 12 13 24 127 84 92 4 174 152 1 4 193 131 1 7 87 8 149 129 174 83 127 84 194 183 177 180 5 171 159 151 185 192 175 5 184 12 21 179 187 18 79 184 90 7 196 12 1 176 2 2 169 173 152 150 8 3 183 176 183 88 175 38 130 79 177 179 13 11 0 17 83 184 3 182 7 178 191 5 136 0 12 6 177 15 126 173 180 149 152 148 132 7 90 181 171 87 164 193 14 174 125 191 152 4 6 170 126 181 83 180 12 152 88 7 112 130 0 129 16 167 177 174 85 4 83 128 125 14 71 79 6 171 131 17 132 131 176 132 162 2 195 1 4 182 130 161 3 17 178 2 84 180 79 84 3 12 9 11 87 180 134 175 11 173 151 86 183 22 182 4 21 197 132 3 90 179 133 181 8 5 6 172 18 82 19 151 14 3 9 153 147 83 11 133 126 2 6 194 172 197 153 1 5 12 135 170 172 86 96 126 182 85 2 83 183 174 9 12 181 21 129 182 1 85 166 174 148 153 184 193 156 6 21 16 134 13 129 152 183 89 4 3 165 91 2 181 80 1 ];
