%Result export, created at 2013-01-25 20:56:19
%Dataset size: 469
%Alpha: 10
%dropThreshold: 0.02
%pickupThreshold: 0.005
%dropConst: 1
%pickupConst: 0.01
%All ants updated at the same time: True
%Generations used: 30000
%Memory size: 10
%Step size: 3
%Cooling down: False, modCooling: 1000, rateCooling: 1.03

X = [ 32 138 70 66 133 194 141 64 64 145 34 61 135 66 43 136 36 138 64 142 64 65 36 138 141 39 130 76 139 138 32 132 136 140 40 139 35 30 115 31 141 72 30 69 61 38 68 64 37 138 71 138 37 41 192 38 112 141 65 68 196 64 141 142 137 121 140 72 139 115 66 144 31 136 133 144 62 144 61 115 138 146 71 66 31 132 146 69 63 64 187 137 144 66 33 140 42 124 61 32 32 143 193 196 117 35 117 33 63 187 131 136 70 62 34 71 142 64 39 117 140 39 37 70 137 146 38 133 142 67 68 120 133 141 39 142 129 68 143 29 34 136 34 132 34 135 71 133 137 140 37 143 37 33 65 121 133 44 142 119 122 66 124 118 135 192 43 136 143 118 138 133 122 41 41 39 32 137 132 141 130 41 61 64 37 139 41 137 192 138 31 119 133 139 118 38 39 31 37 31 132 189 73 39 132 141 137 145 134 35 39 135 70 33 67 29 145 134 36 34 70 136 67 191 120 114 119 191 41 70 71 30 33 36 186 32 66 194 71 71 188 142 142 191 36 116 138 193 119 65 188 115 120 32 136 135 187 66 33 140 68 33 42 188 72 36 113 36 116 191 37 69 71 132 35 33 34 139 189 134 134 65 145 143 138 36 41 193 215 137 36 65 71 73 30 70 138 138 140 140 190 42 134 69 136 43 141 66 67 145 66 75 120 42 66 116 115 73 67 143 121 147 188 211 65 143 38 72 34 123 138 186 137 141 31 35 36 36 186 145 143 121 137 70 32 72 39 115 138 141 143 120 41 193 37 62 142 143 117 118 117 114 139 38 62 62 61 135 134 137 134 66 33 138 62 139 141 123 192 191 34 135 31 41 139 59 38 193 39 71 70 191 34 144 70 134 42 116 137 115 145 34 116 133 35 142 135 117 188 33 61 125 139 69 120 67 135 32 146 135 71 136 135 37 70 146 40 189 66 190 41 141 35 71 36 140 34 42 138 146 142 141 189 72 140 41 61 35 66 133 111 196 119 137 134 40 143 61 146 65 36 135 30 141 65 137 115 135 ];
Y = [ 84 175 177 190 31 144 181 186 183 32 83 179 39 183 84 26 72 30 185 31 179 183 84 35 31 87 35 183 30 26 83 37 182 39 77 176 83 85 66 84 27 178 81 186 178 79 180 180 76 34 177 29 89 84 143 80 62 173 178 187 145 177 182 34 174 65 33 183 33 64 177 31 86 177 34 182 180 180 187 59 178 184 187 181 79 31 179 179 182 178 143 181 185 182 85 30 82 66 185 87 82 178 143 146 61 79 71 87 177 147 34 178 179 184 82 179 182 181 82 69 32 74 87 189 178 36 76 180 185 179 182 64 177 176 84 177 34 175 183 85 75 34 85 32 77 31 186 175 34 31 81 180 82 82 186 62 35 78 32 66 71 184 67 65 34 147 79 33 27 66 177 37 62 78 77 78 79 177 34 179 36 86 180 182 84 183 81 31 146 172 77 64 174 32 67 82 83 85 77 81 175 147 177 79 177 29 33 28 180 82 75 37 184 79 186 84 31 35 86 84 183 175 180 141 61 66 70 142 89 187 183 80 80 79 142 89 180 146 182 178 141 183 36 147 83 64 183 147 68 187 142 62 67 80 31 29 141 174 83 37 181 88 81 140 184 82 62 76 66 139 79 187 180 30 78 84 78 36 145 33 173 182 180 30 173 77 76 140 41 29 89 176 184 180 86 185 31 181 29 179 143 76 34 182 180 74 32 187 182 36 188 183 60 83 178 61 65 182 183 176 67 180 138 40 181 185 84 185 76 66 176 139 175 186 88 80 81 87 144 30 31 68 32 186 88 177 77 60 174 180 36 62 72 142 86 181 35 35 66 68 67 65 173 78 183 182 184 36 176 30 31 186 75 179 186 182 34 65 149 145 81 178 89 88 34 183 77 148 81 176 176 148 74 36 178 30 74 62 36 63 33 79 63 36 85 29 33 64 143 78 183 66 175 180 63 184 30 86 185 35 188 30 38 78 182 177 82 141 185 138 74 183 77 181 85 35 80 73 33 35 180 178 146 188 28 73 181 84 179 178 63 147 67 180 174 87 32 182 180 179 74 32 78 37 184 39 67 177 ];
