%Result export, created at 2013-01-25 20:57:16
%Dataset size: 469
%Alpha: 10
%dropThreshold: 0.02
%pickupThreshold: 0.005
%dropConst: 1
%pickupConst: 0.01
%All ants updated at the same time: True
%Generations used: 30000
%Memory size: 10
%Step size: 3
%Cooling down: False, modCooling: 1000, rateCooling: 1.03

X = [ 12 145 48 10 149 145 192 143 15 50 25 12 185 99 15 22 193 188 48 95 10 18 9 44 42 184 153 96 19 17 18 21 153 95 191 9 192 14 15 158 146 26 176 92 90 45 47 47 97 27 23 190 156 155 20 15 20 12 191 185 91 181 154 9 7 94 98 44 43 49 150 147 185 25 9 29 46 27 153 8 28 20 188 19 22 50 28 19 189 40 191 186 41 24 27 22 153 186 48 45 7 186 43 46 90 12 11 95 146 43 45 24 95 17 185 39 96 94 48 43 41 193 143 142 24 22 143 190 46 25 10 188 9 14 22 12 46 189 93 20 26 187 190 22 42 139 19 91 188 94 44 8 195 14 194 48 21 142 188 43 20 190 19 142 5 145 5 49 15 16 23 188 26 18 28 204 193 191 22 140 186 186 10 194 27 46 23 12 187 19 145 143 141 9 47 193 93 144 83 18 27 46 21 181 22 140 146 12 187 5 14 152 146 28 90 98 15 23 5 47 185 187 18 145 186 29 91 137 20 24 186 45 10 18 147 43 42 96 18 141 10 188 23 157 189 191 42 97 144 187 193 16 93 100 188 144 97 13 47 17 148 94 95 189 139 148 188 90 94 7 21 23 92 154 47 48 140 16 153 23 189 9 94 192 10 195 97 97 23 90 16 96 22 183 100 188 21 44 24 192 15 12 23 152 141 183 91 23 192 138 22 145 195 189 18 186 151 9 20 26 194 48 181 187 45 26 142 16 18 23 146 155 18 42 46 90 191 47 8 138 143 189 189 183 191 194 158 155 93 27 21 196 145 28 14 190 135 96 98 147 44 13 148 43 151 157 184 42 48 194 185 156 26 20 21 192 22 20 15 157 29 98 143 11 193 24 16 16 134 97 95 23 21 21 42 6 190 92 50 184 192 94 185 188 154 18 21 185 19 43 189 149 17 95 95 11 186 157 13 95 43 21 22 10 183 142 25 7 144 47 192 90 47 144 22 94 142 156 25 93 183 90 43 22 21 12 91 46 50 29 27 157 140 183 189 154 10 93 144 94 44 142 21 139 20 17 150 140 ];
Y = [ 196 151 57 195 26 140 171 147 193 52 110 189 164 23 109 118 163 162 48 25 191 120 194 54 49 164 29 25 108 106 116 109 24 24 160 193 167 196 107 25 151 107 64 22 18 54 53 55 21 112 109 164 30 28 116 112 108 190 164 162 29 57 26 190 190 20 19 56 56 48 29 146 171 118 196 108 55 109 27 195 115 113 165 117 112 55 114 113 161 49 167 169 53 112 107 111 26 164 54 52 196 61 51 56 25 191 193 18 146 46 59 111 19 109 170 52 23 18 56 54 51 168 143 148 107 107 150 172 48 116 189 170 199 115 108 194 51 166 27 112 116 166 169 106 52 145 109 23 167 19 48 191 169 192 166 55 107 145 171 52 110 171 107 152 196 147 194 51 115 108 116 161 115 117 106 42 162 166 119 146 168 160 198 168 111 53 115 195 164 105 144 145 148 189 52 160 21 148 31 113 113 59 116 60 113 151 148 193 172 189 193 29 143 108 20 28 196 113 191 58 161 163 110 148 171 111 19 150 114 109 64 56 196 112 148 53 51 20 107 145 188 61 104 28 159 172 50 18 146 170 161 114 30 35 164 145 25 196 59 114 142 30 30 167 150 143 168 23 25 188 118 114 21 30 50 53 145 112 25 111 163 198 27 160 190 164 23 26 118 28 107 28 109 168 37 169 110 50 116 165 195 192 119 31 146 165 30 112 168 151 114 146 170 164 115 166 25 191 117 120 167 50 64 169 53 113 146 119 109 107 145 26 114 55 58 21 168 51 193 149 148 169 165 61 161 165 30 25 26 116 108 163 143 118 188 162 25 26 26 143 51 194 24 55 27 25 169 54 45 169 59 26 111 120 113 164 115 109 198 30 109 25 151 194 165 108 110 115 141 20 22 108 111 112 53 194 165 27 53 165 162 23 167 159 31 111 119 61 112 57 174 27 112 17 20 196 60 27 195 21 58 106 116 194 169 147 115 195 150 61 173 24 54 147 117 29 150 29 112 29 164 19 50 110 115 188 28 50 58 113 110 29 150 63 170 27 193 18 152 21 52 151 117 151 107 110 26 152 ];
