%Result export, created at 2013-01-25 21:04:01
%Dataset size: 469
%Alpha: 10
%dropThreshold: 0.02
%pickupThreshold: 0.005
%dropConst: 1
%pickupConst: 0.01
%All ants updated at the same time: True
%Generations used: 30000
%Memory size: 20
%Step size: 3
%Cooling down: False, modCooling: 1000, rateCooling: 1.03

X = [ 79 179 77 178 182 73 1 184 75 7 75 176 177 175 105 205 178 13 196 186 184 12 184 185 6 45 210 11 96 187 74 6 1 97 176 177 8 70 9 179 10 179 190 199 184 1 191 196 16 182 178 78 185 174 175 179 189 204 179 11 183 75 70 188 182 185 182 186 98 182 1 181 5 182 191 71 69 72 0 74 6 93 6 2 2 191 183 74 58 181 72 10 183 74 207 10 180 6 176 104 99 8 8 176 104 176 6 76 10 72 5 101 11 9 1 82 181 8 104 182 2 100 181 66 6 6 97 76 185 175 178 0 192 181 90 189 183 4 76 97 30 104 10 101 78 5 7 8 10 183 191 6 177 179 53 1 188 6 180 74 3 191 188 74 96 99 72 4 97 16 186 0 11 184 189 8 99 39 190 191 10 77 100 184 0 180 180 186 16 183 5 181 181 177 67 9 189 5 178 181 180 7 183 185 183 176 12 184 104 181 181 6 185 182 188 185 190 180 206 199 1 181 94 201 10 192 11 102 203 12 79 3 10 70 77 182 186 185 77 193 103 11 6 201 77 2 8 209 10 73 204 75 186 13 204 189 182 95 100 16 78 9 186 78 177 192 72 11 95 189 98 94 185 192 82 1 77 183 15 175 48 6 103 98 186 9 177 96 187 81 183 180 9 10 78 180 11 5 4 6 1 187 192 41 7 10 189 186 194 73 7 189 97 187 203 187 15 102 16 11 186 190 204 185 10 183 96 6 104 98 6 180 11 73 100 186 10 190 11 181 178 185 104 8 97 97 5 78 11 7 180 184 180 102 75 72 190 14 203 7 192 181 185 164 202 5 121 55 92 81 191 16 9 111 197 5 181 80 8 14 15 184 73 10 103 186 12 79 100 185 3 9 16 188 183 12 78 5 72 196 181 15 186 181 95 99 201 186 80 6 185 144 98 183 13 188 190 98 96 186 79 97 191 183 4 95 13 13 99 207 171 186 97 179 95 191 119 10 179 76 72 27 7 186 97 2 77 179 2 99 15 12 5 179 183 177 179 78 14 176 184 4 179 180 102 81 179 8 ];
Y = [ 175 28 181 25 29 186 103 25 181 103 185 32 23 33 95 179 30 100 208 23 22 102 27 25 1 170 178 103 136 18 187 98 5 143 29 25 0 167 102 174 99 33 27 206 18 4 207 194 26 27 26 186 18 28 28 27 26 196 169 29 20 189 172 20 28 22 31 28 95 21 6 33 103 24 22 185 167 186 3 188 104 92 101 98 0 196 16 166 164 14 181 101 25 186 196 28 26 94 28 93 93 105 103 30 89 24 102 185 107 189 106 91 93 101 98 189 29 92 92 26 93 90 31 182 99 95 93 184 20 27 18 98 15 25 149 20 19 96 180 96 163 95 94 90 190 104 99 97 27 26 18 96 28 26 148 95 25 90 30 191 103 17 17 171 93 95 185 101 95 30 26 103 99 29 21 98 92 169 177 19 104 192 94 28 2 19 28 15 94 24 98 24 22 26 176 23 16 1 23 16 23 93 15 13 22 27 29 20 91 21 26 106 21 19 21 19 12 20 205 163 0 30 93 207 25 17 31 90 179 30 180 106 108 183 189 23 18 31 186 14 97 100 100 197 191 99 108 210 103 182 168 182 16 103 169 13 20 147 93 27 191 98 22 185 22 194 182 98 95 15 90 97 28 19 188 3 184 27 25 32 164 103 94 97 17 97 27 95 29 189 21 29 99 93 181 27 24 96 98 97 93 21 16 178 94 96 24 24 16 187 97 29 90 24 209 22 23 94 28 94 21 20 174 24 92 28 89 93 90 93 107 22 26 191 95 14 26 17 23 19 29 26 94 102 97 98 102 187 25 102 21 21 25 91 188 166 25 23 169 98 20 17 27 206 193 92 154 158 89 183 20 24 103 154 199 99 23 190 93 26 28 24 190 97 141 19 98 187 92 23 98 96 23 13 18 28 182 101 190 196 28 22 29 18 98 89 184 13 184 92 16 186 89 23 23 16 23 92 97 20 183 94 14 17 0 94 24 28 97 204 174 12 91 16 93 15 157 23 22 190 184 165 96 25 92 96 185 23 6 91 31 27 95 24 29 30 18 192 28 25 26 99 21 17 148 184 29 104 ];
