%Result export, created at 2013-01-25 21:03:33
%Dataset size: 469
%Alpha: 10
%dropThreshold: 0.02
%pickupThreshold: 0.005
%dropConst: 1
%pickupConst: 0.01
%All ants updated at the same time: True
%Generations used: 30000
%Memory size: 20
%Step size: 3
%Cooling down: False, modCooling: 1000, rateCooling: 1.03

X = [ 155 78 154 5 23 137 2 135 23 16 19 118 131 88 17 150 12 115 111 15 12 17 131 13 117 153 139 9 125 22 11 13 139 11 186 131 24 185 11 153 131 146 22 25 17 136 117 12 156 20 112 150 84 151 129 21 12 18 185 161 10 155 136 10 12 120 10 156 136 199 8 100 79 129 154 188 47 120 122 14 9 15 2 162 14 17 133 152 200 182 81 159 3 159 161 23 157 26 161 84 74 157 13 22 81 190 4 135 156 3 154 195 17 199 81 21 8 7 13 20 4 199 12 18 159 79 199 200 14 188 148 16 83 7 195 83 15 169 14 196 12 154 78 10 155 79 20 14 76 1 18 18 12 23 189 6 160 186 18 18 11 19 161 122 190 165 79 9 157 11 10 22 16 17 7 85 146 159 150 21 201 81 75 22 158 2 13 76 16 13 80 154 18 3 19 19 8 15 135 137 136 19 8 153 132 155 81 202 159 85 2 15 84 12 161 22 147 13 158 17 128 113 160 118 15 200 81 19 153 7 13 19 164 83 20 94 6 165 5 159 77 20 160 194 16 164 163 6 10 197 9 15 75 18 8 15 197 26 80 21 80 7 1 23 155 17 5 17 7 154 15 10 153 20 11 134 11 18 197 186 11 159 191 1 18 75 153 11 156 12 24 27 8 10 16 156 5 13 4 79 2 162 161 154 18 85 80 76 160 194 10 7 9 79 115 10 20 14 9 17 162 12 9 18 199 196 155 84 2 8 10 169 152 4 14 156 84 4 159 156 156 16 84 154 199 8 16 9 75 159 25 212 194 76 157 14 7 14 21 24 9 14 13 13 185 76 84 195 159 194 63 9 14 7 9 156 200 189 19 16 17 179 24 20 216 21 22 199 78 14 161 171 12 113 187 7 15 157 74 6 6 151 6 156 160 23 26 10 12 162 6 19 6 185 162 6 195 12 9 149 81 157 10 78 24 160 187 17 9 10 199 18 11 21 77 151 211 2 170 80 89 11 197 20 191 160 18 155 139 8 158 162 130 22 16 4 8 18 161 198 156 14 23 158 16 9 194 11 ];
Y = [ 113 111 112 184 104 89 195 92 100 95 102 77 86 17 95 113 104 80 75 101 96 101 89 103 84 5 89 190 80 102 186 101 93 94 61 82 100 73 102 110 88 14 97 100 98 94 80 192 114 102 75 107 110 24 88 94 185 102 58 114 184 118 93 186 189 187 185 115 88 188 96 64 109 81 106 186 35 74 83 97 187 102 192 115 101 104 81 31 184 52 114 106 186 112 113 105 106 100 115 115 111 107 94 106 111 12 189 90 4 193 108 183 99 182 113 99 182 183 98 101 195 189 97 106 115 111 187 187 104 5 108 93 103 190 184 109 98 7 99 7 101 111 117 193 107 115 103 100 108 194 104 98 103 103 54 190 111 52 109 105 100 98 110 88 2 116 116 192 108 185 97 103 101 102 188 110 3 114 109 104 189 13 110 99 114 187 185 117 96 191 112 115 100 188 101 104 98 97 88 88 87 95 184 113 88 114 112 187 113 107 194 106 108 186 111 100 110 102 115 103 82 82 110 79 104 183 108 105 108 189 99 100 113 112 95 66 192 115 194 108 112 99 113 188 102 111 114 193 105 187 95 103 116 93 189 100 184 103 107 102 108 185 192 106 117 96 185 106 184 110 99 100 114 105 97 88 191 101 186 3 188 111 20 189 99 111 16 193 106 99 99 99 190 101 97 116 189 100 179 112 188 116 107 0 94 109 117 113 108 187 103 187 98 113 81 188 106 103 188 100 113 193 99 97 190 189 110 109 191 186 190 9 112 187 190 108 113 194 118 113 110 100 114 113 185 185 103 101 113 109 91 11 186 112 118 188 193 95 97 103 103 105 104 187 54 110 112 181 110 50 105 102 102 186 96 112 188 60 106 99 97 51 101 100 50 101 104 191 116 98 116 7 183 78 57 194 96 114 112 189 187 107 188 117 118 98 105 189 102 118 191 99 194 57 109 185 185 94 185 9 117 113 98 112 97 114 52 108 191 181 186 95 103 105 116 108 7 190 14 114 65 96 188 98 47 116 103 112 88 188 113 114 1 94 98 184 187 96 112 187 107 94 99 118 91 186 184 184 ];
