%Result export, created at 2013-01-25 20:43:25
%Dataset size: 469
%Alpha: 10
%dropThreshold: 0.02
%pickupThreshold: 0.005
%dropConst: 1
%pickupConst: 0.01
%All ants updated at the same time: True
%Generations used: 30000
%Memory size: 5
%Step size: 3
%Cooling down: False, modCooling: 1000, rateCooling: 1.03

X = [ 62 159 61 149 59 65 58 69 148 154 62 169 149 65 68 151 174 156 66 150 67 70 145 148 143 149 6 6 2 9 173 71 77 65 65 153 3 174 71 148 60 154 146 65 8 152 62 75 70 57 66 147 166 77 70 143 177 68 73 155 71 73 153 54 76 145 156 5 65 65 146 144 72 150 68 150 153 57 69 151 66 2 74 154 152 172 153 65 149 72 58 64 63 58 154 7 62 68 60 73 153 69 175 147 149 71 156 68 146 68 63 55 173 67 70 157 53 73 67 152 59 148 149 140 58 174 3 72 67 152 174 152 151 174 66 153 153 75 68 0 142 68 58 76 72 63 178 145 72 147 65 145 156 63 6 159 74 168 153 61 154 62 148 148 155 11 180 72 150 178 175 63 147 170 149 173 147 71 148 1 75 6 153 151 153 63 2 149 9 151 178 148 6 62 146 8 57 143 147 156 147 149 64 155 58 169 76 148 143 68 147 1 158 70 146 156 157 173 158 73 150 8 155 146 62 148 158 178 148 153 153 69 69 76 149 8 154 59 60 62 67 72 174 151 152 148 176 146 151 153 150 148 149 150 59 63 1 151 11 64 149 148 177 142 176 151 68 68 54 155 154 154 153 66 61 157 151 65 72 144 154 157 69 79 152 3 5 58 62 3 7 68 58 67 155 157 178 150 154 67 64 157 2 58 2 159 157 153 76 66 72 74 67 155 173 179 170 157 6 7 178 73 68 177 62 151 58 179 155 174 177 67 64 153 77 149 179 151 69 6 146 74 56 7 7 179 57 5 4 152 66 74 1 4 61 60 71 150 5 158 63 152 148 150 152 153 57 152 175 141 158 1 65 175 11 69 154 6 178 66 62 63 67 156 151 156 147 63 154 58 154 157 73 148 63 150 152 67 154 61 142 154 66 152 6 146 176 155 155 152 152 4 151 9 158 73 50 78 154 154 153 69 175 61 66 145 9 71 69 174 73 7 71 55 150 154 150 65 65 63 1 61 75 142 150 179 155 75 148 63 145 149 68 70 73 174 147 143 153 70 177 147 5 147 69 64 4 72 ];
Y = [ 104 46 103 169 108 108 108 113 168 163 109 34 158 113 115 151 44 164 102 153 113 110 153 143 151 151 42 40 41 43 44 113 5 107 111 48 41 39 114 154 111 46 158 110 36 158 110 10 107 105 115 145 25 6 112 147 44 107 7 168 111 5 145 106 6 149 163 36 116 109 164 149 115 166 119 167 166 114 105 47 113 38 2 159 151 41 157 105 162 116 115 110 101 105 162 48 115 102 113 6 44 117 36 154 166 110 168 108 168 110 103 109 38 107 109 168 107 110 118 154 106 158 144 149 109 42 36 118 109 145 41 168 167 43 116 45 167 110 117 134 152 111 111 7 7 110 38 151 6 147 112 152 45 113 34 167 5 36 49 114 155 114 164 151 49 40 44 117 165 46 41 111 164 40 167 41 149 7 150 42 7 135 164 165 150 102 37 148 41 159 40 146 36 106 146 43 107 152 159 44 152 165 107 161 110 39 4 153 146 116 148 37 165 111 149 166 169 37 49 113 168 41 149 144 112 160 168 44 169 163 50 120 119 5 150 38 154 111 112 111 108 5 40 164 164 147 45 159 162 146 155 152 159 144 109 108 41 168 38 113 153 144 36 147 43 144 113 106 105 147 164 160 162 114 113 162 169 117 113 144 45 50 110 5 159 34 38 112 113 39 39 112 107 115 164 45 42 151 166 110 109 167 131 114 36 170 49 169 2 108 112 113 111 154 40 39 38 166 39 36 39 111 118 40 107 154 106 44 46 36 41 105 111 149 3 154 43 149 116 37 153 7 106 38 43 42 110 41 138 163 110 10 134 38 107 108 115 146 33 48 115 149 163 164 144 46 112 47 44 149 170 38 114 38 39 111 156 38 41 117 108 109 114 46 143 170 162 107 168 104 149 164 114 148 114 148 48 106 49 110 146 150 103 148 41 154 42 48 166 162 146 41 158 38 46 2 107 7 169 165 154 112 40 108 111 150 45 5 115 38 10 40 119 106 154 161 163 115 103 106 39 112 8 148 150 38 159 5 149 112 147 149 114 114 112 37 143 149 151 108 42 146 43 153 114 108 146 10 ];
