%Result export, created at 2013-01-25 19:54:25
%Dataset size: 469
%Alpha: 10
%dropThreshold: 0.02
%pickupThreshold: 0.005
%dropConst: 1
%pickupConst: 0.01
%All ants updated at the same time: True
%Generations used: 30000
%Memory size: 0
%Step size: 3
%Cooling down: False, modCooling: 1000, rateCooling: 1.03

X = [ 124 35 63 135 56 106 163 124 182 118 128 108 201 177 76 206 173 142 152 83 88 99 10 4 37 26 62 149 129 76 175 117 143 47 172 74 199 175 66 196 115 32 202 176 131 175 43 25 124 5 132 162 213 144 126 73 176 98 88 158 69 63 182 110 154 125 173 33 144 68 114 36 129 61 201 96 152 156 103 124 194 9 39 33 164 82 207 144 125 201 9 111 96 163 32 161 185 97 81 57 42 129 114 135 102 162 154 5 57 9 76 77 175 100 31 198 207 149 192 141 195 161 31 114 107 100 207 46 151 200 1 202 123 168 115 66 198 44 163 14 153 147 203 3 116 148 13 110 210 186 109 99 75 14 126 74 22 192 145 149 81 30 149 44 97 116 115 12 84 204 73 116 192 203 139 77 176 128 82 198 185 199 179 49 185 191 205 203 1 99 56 150 57 192 184 172 1 20 187 90 116 97 68 35 21 24 41 158 49 24 112 43 51 205 68 129 178 173 171 119 126 164 20 56 184 69 19 43 181 46 202 182 199 11 30 127 133 50 214 193 130 195 131 191 47 124 140 97 150 136 148 143 128 159 16 30 202 116 38 31 145 206 128 154 130 107 154 69 81 197 150 32 85 22 146 80 197 116 55 93 152 64 175 36 75 43 43 109 16 151 198 52 17 6 216 127 45 104 185 72 111 36 212 139 25 53 183 101 183 167 145 21 76 158 115 76 109 107 84 5 120 199 203 98 21 155 150 172 103 15 169 181 145 177 54 80 77 116 78 133 213 56 31 144 65 215 69 82 169 186 29 149 101 71 152 96 40 185 129 117 164 108 81 175 88 184 111 64 84 103 126 105 4 165 132 38 209 13 10 31 129 199 22 125 93 127 169 62 0 21 156 70 171 97 166 112 5 67 172 129 156 93 130 140 85 28 102 42 78 126 108 30 84 89 29 99 173 82 48 20 83 56 88 175 12 197 97 34 215 129 98 201 124 61 71 2 89 125 199 205 175 13 8 31 143 207 98 157 29 83 164 127 134 63 74 164 30 162 198 8 21 48 125 174 118 89 103 186 ];
Y = [ 78 92 166 29 102 78 180 205 82 63 79 78 58 188 72 75 39 127 177 99 38 98 147 108 109 154 62 152 191 40 57 49 203 182 39 77 155 58 194 82 118 50 11 187 198 59 51 214 105 109 111 52 176 183 204 148 166 98 39 79 121 114 120 180 46 206 76 51 203 19 183 185 79 114 56 169 100 4 9 79 83 11 111 32 123 167 75 114 205 59 3 108 61 121 145 52 148 26 96 103 51 33 109 28 110 122 191 52 102 146 22 38 152 55 90 154 92 65 193 80 82 54 143 108 146 56 73 193 101 13 33 57 205 214 22 195 115 215 179 213 121 86 185 107 117 66 103 80 201 8 16 54 78 191 35 147 88 210 115 30 9 71 64 52 45 119 21 104 204 9 147 172 194 10 141 24 167 46 123 155 179 166 182 182 42 209 104 186 34 97 111 7 111 211 149 75 201 198 9 216 67 61 34 184 199 213 50 173 141 155 28 46 141 105 18 45 181 77 101 63 146 180 99 171 150 122 98 47 122 194 185 121 55 146 70 34 112 141 211 192 198 83 179 194 194 77 141 170 31 28 87 184 190 80 19 91 118 85 109 72 202 74 34 45 46 78 192 35 122 168 153 33 98 198 87 9 156 86 68 154 176 132 153 186 71 48 214 181 18 30 167 166 19 184 88 22 192 10 9 109 28 92 178 140 154 165 120 185 151 164 114 88 39 172 182 23 147 17 99 185 62 116 117 27 99 3 65 101 79 20 215 83 87 180 68 97 155 68 155 110 177 172 144 113 165 212 34 113 213 42 143 7 186 109 122 171 112 41 22 173 39 16 112 190 216 10 80 166 171 110 21 78 107 38 178 110 200 212 3 34 23 156 87 145 156 46 214 114 201 197 22 110 74 98 163 108 51 33 152 190 22 155 180 81 170 62 79 215 25 22 147 90 202 216 61 26 153 122 181 200 203 112 97 168 211 55 46 31 88 78 45 12 204 61 110 107 98 106 167 103 189 191 12 50 128 91 25 172 145 166 120 189 27 131 70 122 144 53 55 11 198 182 105 59 50 39 111 179 ];
