%Result export, created at 2013-01-25 19:48:02
%Dataset size: 469
%Alpha: 10
%dropThreshold: 0.02
%pickupThreshold: 0.005
%dropConst: 1
%pickupConst: 0.01
%All ants updated at the same time: True
%Generations used: 30000
%Memory size: 0
%Step size: 3
%Cooling down: False, modCooling: 1000, rateCooling: 1.03

X = [ 65 205 37 104 34 194 50 163 191 56 22 197 55 112 15 203 168 167 71 29 76 193 186 46 17 107 77 133 154 68 143 123 48 145 18 123 209 201 131 83 183 158 160 0 15 95 93 115 12 212 185 207 98 35 41 133 12 175 24 156 22 76 122 214 28 57 88 132 49 117 18 165 83 168 79 75 190 199 61 90 115 129 45 204 54 105 40 15 14 140 26 127 50 85 116 91 102 58 28 173 147 213 180 97 191 10 47 63 11 99 78 202 109 172 44 21 33 101 180 108 163 214 56 54 186 171 131 188 97 185 201 202 149 203 182 59 44 140 23 173 179 20 36 39 182 62 13 103 208 187 168 111 117 202 72 38 13 80 13 46 23 53 206 170 188 199 50 16 49 152 185 108 84 24 172 186 120 137 57 130 9 134 189 101 32 117 83 59 191 8 3 136 210 93 155 99 130 72 156 173 43 3 162 83 163 51 23 50 39 207 165 118 156 168 197 59 48 62 174 172 103 19 211 163 66 7 183 96 183 80 16 181 47 111 131 194 200 202 29 132 141 17 170 66 207 113 128 158 37 205 191 31 14 172 165 18 7 49 85 115 177 90 128 151 101 206 144 17 202 119 44 157 12 35 17 81 24 32 89 185 184 85 146 96 55 136 200 27 36 114 92 112 94 129 129 207 59 201 78 13 53 110 98 108 72 19 11 46 168 71 129 148 120 177 68 204 211 13 214 49 208 134 18 18 155 187 188 24 183 51 204 176 97 98 20 189 164 113 161 5 133 211 80 10 24 76 185 133 50 205 17 87 18 92 42 183 49 93 151 193 164 151 105 15 105 3 14 124 69 100 158 47 181 34 188 63 16 90 77 55 124 209 66 31 52 46 209 206 132 216 205 168 92 167 76 54 15 172 132 193 35 188 134 177 136 132 47 24 182 126 161 182 51 140 47 199 207 185 38 197 203 175 52 27 26 45 198 123 91 74 86 199 31 188 54 113 177 81 86 153 90 180 189 91 144 152 87 211 204 158 209 66 185 36 92 188 197 149 63 7 21 5 65 193 87 192 9 43 ];
Y = [ 52 9 152 165 137 136 206 49 136 153 141 168 192 73 152 193 66 132 75 146 8 165 130 172 148 60 36 119 50 74 19 37 134 209 84 34 198 170 125 26 18 170 132 193 114 109 170 22 83 135 55 163 192 84 29 166 186 172 172 86 147 77 144 33 50 191 27 57 9 144 47 129 153 52 33 141 13 133 56 64 52 126 8 207 211 195 76 117 81 207 147 63 210 22 150 147 195 151 53 130 81 36 168 187 61 52 140 57 117 109 33 43 58 127 172 89 83 167 167 65 181 36 113 206 9 24 167 20 196 46 163 190 39 46 71 24 72 19 177 128 165 90 149 85 50 138 94 170 40 126 185 62 143 160 7 141 146 73 156 36 87 205 29 127 130 174 7 202 63 36 40 76 30 174 27 81 56 65 110 65 195 205 45 105 49 67 71 47 168 120 186 66 194 29 34 191 49 140 165 28 63 191 176 62 90 136 54 46 75 42 64 74 55 134 134 21 10 50 166 74 69 80 198 89 136 48 78 189 163 72 152 162 30 65 170 124 195 31 175 171 209 5 22 147 32 76 129 168 142 156 16 145 98 80 61 144 197 152 155 53 42 147 48 47 106 154 23 79 177 32 68 164 80 147 152 38 146 55 198 73 167 66 207 197 51 62 41 145 87 27 27 153 201 116 125 190 19 8 9 113 157 75 113 143 148 167 57 190 62 146 122 89 72 162 148 139 138 86 199 69 203 206 151 3 48 86 169 50 199 67 8 85 161 194 200 193 69 144 50 192 114 140 11 190 179 148 134 206 188 139 48 24 92 30 34 40 185 199 30 127 52 78 190 45 164 52 206 128 70 195 86 4 88 57 13 143 50 201 8 134 32 6 131 152 137 32 141 171 71 32 175 69 191 177 143 151 3 59 54 126 76 44 122 77 19 63 182 145 73 42 164 81 185 17 171 160 11 132 144 130 206 47 189 178 173 67 170 42 144 141 166 157 53 189 109 139 82 156 62 81 171 50 190 169 205 91 65 136 3 171 136 135 81 137 193 73 163 88 148 189 48 48 57 128 155 13 56 142 ];
