%Result export, created at 2013-01-25 20:14:16
%Dataset size: 469
%Alpha: 10
%dropThreshold: 0.02
%pickupThreshold: 0.005
%dropConst: 1
%pickupConst: 0.01
%All ants updated at the same time: True
%Generations used: 30000
%Memory size: 0
%Step size: 3
%Cooling down: False, modCooling: 1000, rateCooling: 1.03

X = [ 205 30 50 55 15 131 186 69 164 201 196 193 86 152 160 172 190 12 181 151 170 9 168 188 99 147 150 66 185 195 179 42 156 186 208 38 25 152 162 51 56 167 208 186 177 34 17 166 187 140 5 120 29 92 69 25 54 191 49 146 61 171 177 147 157 161 22 143 126 148 122 57 7 159 68 149 20 44 22 196 131 7 182 188 198 148 154 30 179 48 174 18 155 135 121 4 85 18 71 104 21 162 113 205 22 75 60 146 61 142 171 166 97 168 88 175 92 149 64 150 25 141 67 185 95 99 52 83 130 98 187 27 94 112 20 130 4 78 194 187 164 170 99 181 118 82 31 66 14 40 37 165 117 142 67 146 40 14 170 19 29 19 16 27 138 128 75 190 71 53 190 12 146 24 69 201 161 157 84 67 169 158 167 149 27 146 176 188 72 148 41 193 83 85 149 134 35 19 80 159 199 171 12 142 29 124 78 133 66 129 10 205 16 184 206 202 56 11 34 93 42 182 165 102 207 203 158 198 83 25 40 22 25 101 176 33 204 165 130 78 34 153 90 80 14 50 199 181 38 28 188 182 7 80 171 57 153 24 160 124 33 177 16 147 53 99 73 89 40 115 187 75 80 18 84 200 187 60 106 145 66 86 84 99 20 21 71 39 92 29 137 73 174 13 199 69 189 160 167 48 103 96 144 41 187 78 149 165 23 12 168 20 94 68 58 189 103 201 33 86 81 100 182 173 39 28 17 197 181 35 158 56 180 170 33 23 26 166 161 125 86 160 27 182 163 54 39 102 11 170 69 81 43 147 161 175 40 24 59 72 139 179 152 64 91 85 54 42 116 199 146 166 202 173 189 26 198 179 155 156 81 94 176 165 22 58 194 37 20 124 17 150 193 20 200 153 167 98 26 165 100 194 181 13 19 138 88 77 144 156 57 15 165 203 143 189 107 75 5 169 170 18 189 159 137 10 187 165 147 36 144 39 194 164 192 157 154 185 10 190 150 1 57 191 160 154 167 200 79 151 186 20 164 39 176 139 189 44 5 158 78 156 132 81 189 154 166 75 ];
Y = [ 72 130 114 125 111 17 189 102 5 153 187 91 139 9 9 81 73 41 73 186 192 115 70 74 148 84 182 127 176 96 49 33 139 183 168 34 143 42 16 126 132 88 163 93 142 141 43 137 57 119 60 24 145 116 159 44 34 67 46 179 125 99 49 88 172 8 129 16 12 186 14 126 119 18 160 105 113 46 112 177 5 120 182 92 56 95 174 45 134 37 192 32 110 41 30 58 160 54 175 157 66 89 21 99 61 154 29 90 145 159 161 35 111 130 170 37 173 86 103 170 157 104 163 45 154 155 30 142 20 159 94 63 127 19 120 2 52 167 178 101 11 37 136 156 23 107 141 142 128 41 50 22 10 13 154 187 17 65 105 112 46 26 37 122 25 22 175 162 129 50 65 152 22 23 150 161 25 93 126 109 148 171 143 176 135 34 55 186 99 162 111 182 151 152 28 36 28 122 97 154 92 143 49 99 60 15 179 22 158 38 144 78 53 173 172 61 48 145 20 120 136 69 28 153 94 94 23 92 136 33 25 154 116 145 69 20 86 150 16 166 40 151 110 96 45 131 78 143 110 107 172 193 60 104 172 39 182 143 159 20 129 75 58 11 106 162 138 127 42 15 58 145 110 159 110 162 182 142 156 16 137 155 135 156 150 123 106 133 124 153 26 106 179 115 185 170 164 103 173 128 136 108 99 36 152 110 7 200 38 143 135 148 168 156 36 106 133 90 37 125 107 132 101 58 110 52 114 194 157 30 187 53 149 110 150 65 131 71 83 38 109 149 100 139 152 116 34 138 44 178 107 171 18 22 198 181 115 62 124 161 98 42 94 116 170 110 117 49 21 93 5 161 186 29 62 112 70 46 151 91 109 170 65 25 150 46 173 111 67 36 140 22 68 66 62 115 191 125 121 20 122 179 186 64 106 38 151 116 174 116 30 141 75 174 100 145 143 146 141 21 56 133 49 80 35 44 87 23 109 129 94 48 151 157 52 153 149 138 110 58 151 135 129 57 179 184 63 90 159 101 105 159 143 42 132 21 190 118 145 113 106 155 32 149 168 179 175 103 ];
