%Result export, created at 2013-01-25 19:59:42
%Dataset size: 469
%Alpha: 10
%dropThreshold: 0.02
%pickupThreshold: 0.005
%dropConst: 1
%pickupConst: 0.01
%All ants updated at the same time: True
%Generations used: 30000
%Memory size: 0
%Step size: 3
%Cooling down: False, modCooling: 1000, rateCooling: 1.03

X = [ 213 192 99 210 190 186 49 129 90 60 164 182 73 59 198 57 111 48 38 208 129 37 39 209 89 186 126 176 50 76 112 63 125 166 36 55 200 190 182 23 91 110 170 42 117 125 174 25 64 95 181 85 173 61 43 112 176 201 139 22 55 71 173 107 189 64 202 92 37 93 26 55 189 47 188 108 50 130 108 94 175 56 175 27 60 189 36 42 56 198 42 136 184 205 24 191 27 199 206 191 93 56 107 70 51 38 40 210 184 178 99 174 130 45 20 182 82 179 215 48 45 204 79 24 197 45 138 117 80 40 201 174 129 194 29 42 113 178 93 144 191 185 40 120 188 90 58 21 102 195 182 59 207 161 89 38 36 64 99 26 28 205 111 168 47 103 81 39 101 62 48 43 74 78 198 54 41 23 193 181 195 35 193 161 45 57 127 178 130 208 104 143 51 57 81 49 55 192 176 7 91 40 66 47 94 163 92 70 170 189 48 68 78 55 80 55 110 198 75 59 192 187 193 171 60 21 189 69 194 199 44 170 47 128 49 110 106 60 23 174 54 141 208 188 181 77 198 22 131 72 51 74 124 195 73 57 113 97 160 206 47 104 94 121 58 192 118 200 49 173 200 144 199 96 47 172 168 192 196 189 64 156 60 174 29 176 68 101 63 195 62 42 135 63 93 179 49 41 84 137 204 175 101 121 115 184 122 108 196 64 175 129 211 183 191 99 187 77 176 87 50 193 206 198 66 41 59 57 46 204 104 158 185 208 141 204 196 25 124 146 194 173 66 147 171 107 25 57 57 55 120 103 171 46 120 211 35 99 130 75 68 148 62 73 64 85 64 83 66 31 212 67 174 131 129 107 94 95 183 121 197 90 156 200 35 181 118 200 181 173 32 180 188 116 19 186 197 122 212 123 127 98 202 209 113 114 61 89 194 155 208 107 43 38 179 98 187 210 194 86 61 138 100 134 184 9 125 41 57 180 21 102 205 135 189 62 162 53 110 38 105 173 194 171 57 136 176 143 18 48 128 179 65 201 82 48 104 39 194 174 90 94 121 83 23 190 131 173 ];
Y = [ 190 125 203 170 48 187 104 122 185 170 103 37 206 79 20 35 122 73 65 30 40 177 105 112 187 43 38 122 38 196 103 56 41 81 41 97 41 199 66 78 183 201 104 104 130 112 104 66 20 135 34 195 98 63 82 31 198 123 38 77 70 173 188 109 158 172 43 198 90 190 74 29 66 181 169 101 185 41 126 193 174 38 196 88 200 96 80 71 181 51 46 33 203 172 85 164 81 104 176 44 126 60 30 73 33 48 186 192 103 67 201 196 117 100 75 106 193 37 187 29 184 27 57 103 172 32 33 132 192 30 198 96 114 25 83 112 103 75 200 114 49 198 171 46 193 188 61 88 111 52 113 100 104 80 119 161 178 195 116 83 55 204 142 189 18 124 178 53 121 164 91 111 73 93 94 161 82 72 116 31 103 63 99 92 50 180 21 171 129 43 203 25 30 95 108 176 191 33 66 88 184 176 38 48 120 102 115 60 188 128 106 66 186 36 67 159 144 115 87 183 173 113 168 187 93 103 19 91 166 100 104 192 79 113 59 27 198 30 103 185 160 34 188 203 175 178 50 91 132 86 31 60 131 202 185 69 119 188 94 199 52 127 132 21 102 114 21 50 166 87 195 22 170 101 69 111 119 163 187 168 63 85 197 95 99 30 87 108 180 123 168 188 17 71 131 62 49 193 124 36 36 81 113 38 21 27 110 196 19 77 121 121 186 172 175 193 204 75 78 122 35 52 203 25 46 39 29 159 162 103 116 88 197 201 33 108 202 96 20 36 169 76 39 20 74 141 86 32 179 78 124 134 112 55 26 188 83 110 122 201 49 26 78 202 68 118 200 71 31 33 188 196 86 27 120 193 123 119 115 126 22 116 104 104 58 195 14 123 72 46 34 133 206 20 85 40 126 19 185 128 117 196 112 170 135 38 191 198 114 99 28 197 44 168 123 198 168 112 36 182 174 42 208 40 45 85 32 190 195 114 84 196 3 19 172 106 96 28 114 100 189 53 23 47 162 28 91 36 69 166 30 131 87 197 190 42 188 173 126 71 125 175 106 198 70 54 118 85 ];
